5.000000000000000000e-01 -1.660030910293416664e-17
4.802197493274128481e-01 4.429319367355741451e-03
4.604159653387241979e-01 8.723702971797402811e-03
4.405895169264802957e-01 1.288581997841268222e-02
4.207412211865361185e-01 1.691807718059590293e-02
4.008718474308651247e-01 2.082261610726808196e-02
3.809821212436752536e-01 2.460130992886967044e-02
3.610727285836454747e-01 2.825576013273334991e-02
3.411443199356051226e-01 3.178729293391877736e-02
3.211975145155713252e-01 3.519695538225042081e-02
3.012329045337591715e-01 3.848551111998097657e-02
2.812510595210171438e-01 4.165343573698884749e-02
2.612525307251165607e-01 4.470091166145605255e-02
2.412378555845078321e-01 4.762782251322429661e-02
2.212075622885599779e-01 5.043374683409095061e-02
2.011621744349969543e-01 5.311795109365101408e-02
1.811022157972875801e-01 5.567938185025957110e-02
1.610282152172396453e-01 5.811665692342160572e-02
1.409407116410792415e-01 6.042805540532057706e-02
1.208402593210335940e-01 6.261150630383514881e-02
1.007274332090464242e-01 6.466457556540360085e-02
8.060283457498873538e-02 6.658445117099623389e-02
6.046709688891815926e-02 6.836792592896996645e-02
4.032089201600186357e-02 7.001137750028216256e-02
2.016493678425101965e-02 7.151074507845180117e-02
0.000000000000000000e+00 7.286150200057157911e-02
-2.017308999480083020e-02 7.405862337524521388e-02
-4.035343710440086884e-02 7.509654756264061426e-02
-6.054006844808024201e-02 7.596913000835589513e-02
-8.073192431979581141e-02 7.666958748404477386e-02
-1.009278468828225805e-01 7.719043017641324944e-02
-1.211265672618644373e-01 7.752337822210637885e-02
-1.413266905815144803e-01 7.765925810332431622e-02
-1.615266783394574412e-01 7.758787263505696752e-02
-1.817248272720281554e-01 7.729783583431186489e-02
-2.019192435313493794e-01 7.677636035466782471e-02
-2.221078104861668456e-01 7.600897972064972474e-02
-2.422881476797982825e-01 7.497917916141329242e-02
-2.624575572494601827e-01 7.366789541971642541e-02
-2.826129521092545227e-01 7.205282386728938115e-02
-3.027507568186288411e-01 7.010743372143417307e-02
-3.228667661055926175e-01 6.779952549985616972e-02
-3.429559350013886565e-01 6.508904046670259402e-02
-3.630120529265584706e-01 6.192458553052884035e-02
-3.830272084502473473e-01 5.823761266854196594e-02
-4.029908460140564364e-01 5.393196896963196180e-02
-4.228879416484153664e-01 4.886332214903842119e-02
-4.426949857591299664e-01 4.279304771491403148e-02
-4.623691952870320754e-01 3.526215335641422893e-02
-4.818069876315703715e-01 2.509648478607253916e-02
-5.000000000000000000e-01 0.000000000000000000e+00
-4.781930123684296485e-01 -2.196048478607253926e-02
-4.576308047129679091e-01 -2.911815335641422878e-02
-4.373050142408700380e-01 -3.376904771491402724e-02
-4.171120583515846025e-01 -3.708732214903842639e-02
-3.970091539859435525e-01 -3.953196896963196566e-02
-3.769727915497526616e-01 -4.134161266854197159e-02
-3.569879470734415028e-01 -4.266058553052883701e-02
-3.370440649986113923e-01 -4.358504046670259868e-02
-3.171332338944073959e-01 -4.418352549985617161e-02
-2.972492431813711367e-01 -4.450743372143416837e-02
-2.773870478907454196e-01 -4.459682386728938686e-02
-2.575424427505398350e-01 -4.448389541971642380e-02
-2.377118523202016998e-01 -4.419517916141328662e-02
-2.178921895138331011e-01 -4.375297972064971785e-02
-1.980807564686506428e-01 -4.317636035466783373e-02
-1.782751727279718312e-01 -4.248183583431185129e-02
-1.584733216605425099e-01 -4.168387263505697604e-02
-1.386733094184855464e-01 -4.079525810332432223e-02
-1.188734327381355538e-01 -3.982737822210638545e-02
-9.907215311717737505e-02 -3.879043017641324587e-02
-7.926807568020421968e-02 -3.769358748404476323e-02
-5.945993155191975355e-02 -3.654513000835588749e-02
-3.964656289559909119e-02 -3.535254756264061965e-02
-1.982691000519920532e-02 -3.412262337524520767e-02
0.000000000000000000e+00 -3.286150200057158521e-02
1.983506321574901587e-02 -3.157474507845180189e-02
3.967910798399820749e-02 -3.026737750028215407e-02
5.953290311108194732e-02 -2.894392592896996574e-02
7.939716542501118468e-02 -2.760845117099623713e-02
9.927256679095353142e-02 -2.626457556540360769e-02
1.191597406789663971e-01 -2.491550630383515194e-02
1.390592883589207851e-01 -2.356405540532057960e-02
1.589717847827604169e-01 -2.221265692342160383e-02
1.788977842027125176e-01 -2.086338185025957484e-02
1.988378255650031790e-01 -1.951795109365101963e-02
2.187924377114399688e-01 -1.817774683409094719e-02
2.387621444154921502e-01 -1.684382251322429080e-02
2.587474692748834570e-01 -1.551691166145605094e-02
2.787489404789829095e-01 -1.419743573698884799e-02
2.987670954662409173e-01 -1.288551111998099095e-02
3.188024854844287992e-01 -1.158095538225042791e-02
3.388556800643948153e-01 -1.028329293391876294e-02
3.589272714163544986e-01 -8.991760132733339628e-03
3.790178787563247553e-01 -7.705309928869667410e-03
3.991281525691349197e-01 -6.422616107268085822e-03
4.192587788134639615e-01 -5.142077180595903789e-03
4.394104830735198197e-01 -3.861819978412698792e-03
4.595840346612757310e-01 -2.579702971797404390e-03
4.797802506725871163e-01 -1.293319367355731794e-03
5.000000000000000000e-01 1.660030910293416664e-17
